*****de-noised*****

3 other/coap/resource ['wait for this\n', '/root/BarrierReef/Apps?fingerprint=True\n', '&gps=False\n']
1 coap/lies ["resources can be hidden, find all of them and you'll get a treasure\n"]
1 find/this/hidden/dory/over/there ['2.0,0.0|-55,-51,-50,-50,-57|-69,-65,-64,-64,-71|-58,-55,-53,-54,-60|-67,-63,-62,-64,-69|-69,-66,-64,-64,-71|-71,-67,-66,-66,-73\n']
1 anemone/in/the/barrier/reef ['/root/BarrierReef/Anemone?owner=Marlin\n']
2 find/this/hidden/dory/ ['try again, sorry!\n', '0.0,0.0|-27,-30,-29,-25,-23|-67,-70,-68,-65,-63|-61,-65,-63,-59,-57|-67,-71,-68,-65,-63|-68,-71,-69,-66,-64|-70,-73,-72,-68,-66\n']
4 hey/dory/where/are/u ['dory, come back!\n', '2.0,8.0|-61,-59,-63,-67,-65|-52,-53,-54,-58,-56|-61,-59,-64,-67,-65|-63,-62,-66,-69,-68|-54,-55,-56,-60,-58|-61,-59,-63,-67,-65\n', 'come back!\n', 'where are you??\n']
1 coap/hidden ['find the HiddenTreasure in the BarrierReef\n']
3 coap/resource ['wait...\n', '/root/BarrierReef/FishLocator?user=Dory\n', 'wait more...\n']
1 hi/nemo/wassup/ ['8.0,6.0|-62,-66,-68,-59,-65|-61,-65,-67,-58,-64|-59,-62,-65,-55,-62|-58,-62,-64,-55,-61|-56,-60,-62,-53,-49|-55,-59,-61,-52,-59\n']
1 questions/somewhere/else ['?answer=yes\n']
2 coap/post/mixed/ ['?problem=memory\n', 'go to the Doctor of the BarrierReef\n']
1 no/nemo/here/discard/this ['6.6,6.6|-23,-45,-63,-32,-65|-13,-12,-94,-58,-106|-66,-66,-666,-66,-66|-55,-55,-55,-55,-55|-77,-77,-777,-77,-77|-21,-59,-33,-67,-121\n']
1 cant/be/a/valid/entry ['0.0,1.0|+66,+64,+60,+66,+69|+64,+62,+58,+64,+67|+63,+62,+57,+63,+66|+62,+60,+56,+62,+65|+58,+57,+53,+58,+1|+50,+48,+44,+50,+53\n']
1 plastic/bottle ['dont throw plastic in the ocean\n']
1 great/barrier/reef/with/post ['/root/PostMe6?search=entry\n']
1 dory/has/been/here/too ['6.0,6.0|-64,-65,-63,-64,-63|-62,-64,-61,-62,-61|-61,-62,-60,-61,-60|-62,-64,-61,-62,-61|-57,-59,-57,-57,-57|-60,-62,-59,-60,-59\n']
1 find/this/hidden/dory/there ['0.0,10.0|-69,-64,-67,-65,-65|-19,-24,-25,-25,-25|-60,-65,-69,-66,-66|-62,-67,-70,-68,-68|-53,-58,-61,-59,-59|-59,-64,-67,-65,-65\n']
7 /wierd/topic/isnt/it ['zxc\n', 'asd\n', 'roftl\n', '4.0,6.0|-63,-62,-63,-62,-63|-61,-60,-61,-65,-61|-62,-60,-62,-61,-61|-65,-63,-65,-63,-64|-59,-57,-59,-57,-58|-63,-62,-63,-62,-63\n', 'hey there\n', 'yolo\n', 'oppolo\n']
1 nemo/tracks/dory ['10.0,4.0|-66,-67,-65,-65,-71|-67,-69,-65,-66,-71|-62,-63,-60,-61,-66|-58,-59,-56,-57,-62|-64,-64,-64,-62,-68|-61,-62,-60,-60,-66\n']
1 please/dory/come/back/home ['4.0,2.0|-60,-60,-63,-58,-59|-66,-66,-69,-64,-65|-54,-54,-58,-53,-53|-63,-63,-66,-61,-62|-65,-65,-68,-63,-64|-67,-67,-70,-65,-66\n']
1 marlin/and/nemo/are/stalkers ['10.0,8.0|-66,-64,-60,-66,-69|-64,-62,-58,-64,-67|-63,-62,-57,-63,-66|-62,-60,-56,-62,-65|-58,-57,-53,-58,-61|-50,-48,-44,-50,-53\n']
3 here/as/well ['.......!.......\n', '..............\n', '........-.............\n']
1 corrupted/dory/discard/this ['3.0,x.y|-00,-45,-00,-32,-65|-0,-0,-94,-58,-106|+66,+66,+16,+66,+612|-55,-55,-55,-55,-55|-77,-77,-777,-77,-77|-21,-59,-33,-67,-121\n']
2 some/other ['euhihqoihweiohjqiowheioqhweoihqweohoihdfacuiajoahihdioahweiwqe\n', 'ouwenfouinoiuniuoqenunemowejoqjweoqwoeiqiwoejqiowejqweji8\n']
1 find/this/hidden/dory/here ['0.0,8.0|-63,-60,-60,-59,-64|-51,-49,-47,-48,-53|-64,-62,-67,-61,-66|-67,-66,-64,-63,-68|-59,-57,-58,-56,-61|-65,-63,-64,-62,-66\n']
1 marlin/checked/this/entry ['10.0,2.0|-63,-61,-63,-69,-63|-65,-63,-65,-71,-65|-58,-56,-57,-63,-58|-49,-48,-49,-55,-50|-62,-65,-63,-68,-63|-61,-59,-61,-67,-61\n']
1 /dory/has/been/here ['6.0,4.0|-63,-61,-65,-63,-64|-64,-63,-64,-65,-65|-58,-56,-58,-59,-59|-62,-59,-61,-61,-62|-62,-60,-61,-62,-62|-65,-61,-63,-63,-64\n']
